ITS2 type profile UID		164048	163907	163645	163987	164033	164221	164339	164725	165366	163577
Clade		C	C	C	C	C	C	C	C	C	C
Majority ITS2 sequence		C15	C15	C15	C15	C15	C40	C40	C15	C15	C40
Associated species		None	None	None	None	None	None	None	None	None	None
ITS2 profile abundance local		13	5	4	3	2	1	1	1	1	1
ITS2 profile abundance DB		41	53	223	5	11	284	23	38	195	24
ITS2 type profile		C15-C15by-C15er	C15-C15bn-C15by	C15-C15l-C15n-C15bb-C15.8	C15-C15bd	C15-C15cq	C40-C3-C115-C40h	C40/C15h-C3-C115	C15/C15ev	C15-C15bn-C15by-C15ai	C40-C3-C115
138530	MVDs0	0.9655056932350972	0	0	0	0	0	0	0	0	0
138493	HVEt0	0.9455370650529501	0	0	0	0	0	0	0	0	0
138528	MVCs0	0.9344262295081968	0	0	0	0	0	0	0	0	0
138491	HVDt0	0.9054091539528433	0	0	0	0	0	0	0	0	0
138504	LVAs0	0.9033701163137487	0	0	0	0	0	0	0	0	0
138490	HVDs0	0.8961976131001943	0	0	0	0	0	0	0	0	0
138512	LVEs0	0.8852889667250439	0	0	0	0	0	0	0	0	0
138513	LVEt0	0.8707275157532939	0	0	0	0	0	0	0	0	0
138488	HVCs0	0.8674339300937767	0	0	0	0	0	0	0	0	0
138505	LVAt0	0.8634146341463415	0	0	0	0	0	0	0	0	0
138532	MVEs0	0.8278388278388278	0	0	0	0	0	0	0	0	0
138527	MVBt0	0.8170426065162907	0	0	0	0	0	0	0	0	0
138533	MVEt0	0.7375626043405676	0	0	0	0	0	0	0	0	0
138511	LVDt0	0	0.9101048105348025	0	0	0	0	0	0	0	0
138507	LVBt0	0	0.9022282855843565	0	0	0	0	0	0	0	0
138506	LVBs0	0	0.8885448916408669	0	0	0	0	0	0	0	0
138509	LVCt0	0	0.8738262910798122	0	0	0	0	0	0	0	0
138508	LVCs0	0	0.8448275862068966	0	0	0	0	0	0	0	0
138484	HVAs0	0	0	0.8991908293998652	0	0	0	0	0	0	0
138510	LVDs0	0	0	0.893299189073837	0	0	0	0	0	0	0
138492	HVEs0	0	0	0.8645761543762922	0	0	0	0	0	0	0
138485	HVAt0	0	0	0.8570300157977883	0	0	0	0	0	0	0
138524	MVAs0	0	0	0	0.9006546014632268	0	0	0	0	0	0
138487	HVBt0	0	0	0	0.8690781049935979	0	0	0	0	0	0
138486	HVBs0	0	0	0	0.8422803568728262	0	0	0	0	0	0
138525	MVAt0	0	0	0	0	0.8786246893123446	0	0	0	0	0
138529	MVCt0	0	0	0	0	0.7666963490650045	0	0	0	0	0
138495	HVFt15	0	0	0	0	0	0.9171779141104294	0	0	0	0
138502	HVJs0	0	0	0	0	0	0	0.8397097625329816	0	0	0
138489	HVCt0	0	0	0	0	0	0	0	0.8148681055155875	0	0
138526	MVBs0	0	0	0	0	0	0	0	0	0.8643430290872618	0
138503	HVJt0	0	0	0	0	0	0	0	0	0	0.8865799184307632
138541	MVIt15	0	0	0	0	0	0	0	0	0	0
138540	MVIs15	0	0	0	0	0	0	0	0	0	0
138539	MVHt15	0	0	0	0	0	0	0	0	0	0
138538	MVHs15	0	0	0	0	0	0	0	0	0	0
138537	MVGt15	0	0	0	0	0	0	0	0	0	0
138536	MVGs15	0	0	0	0	0	0	0	0	0	0
138535	MVFt15	0	0	0	0	0	0	0	0	0	0
138534	MVFs15	0	0	0	0	0	0	0	0	0	0
138531	MVDt0	0	0	0	0	0	0	0	0	0	0
138523	LVJt15	0	0	0	0	0	0	0	0	0	0
138522	LVJs15	0	0	0	0	0	0	0	0	0	0
138521	LVIt15	0	0	0	0	0	0	0	0	0	0
138520	LVIs15	0	0	0	0	0	0	0	0	0	0
138519	LVHt15	0	0	0	0	0	0	0	0	0	0
138518	LVHs15	0	0	0	0	0	0	0	0	0	0
138517	LVGt15	0	0	0	0	0	0	0	0	0	0
138516	LVGs15	0	0	0	0	0	0	0	0	0	0
138515	LVFt15	0	0	0	0	0	0	0	0	0	0
138514	LVFs15	0	0	0	0	0	0	0	0	0	0
138501	HVIt15	0	0	0	0	0	0	0	0	0	0
138500	HVIs15	0	0	0	0	0	0	0	0	0	0
138499	HVHt15	0	0	0	0	0	0	0	0	0	0
138498	HVHs5	0	0	0	0	0	0	0	0	0	0
138497	HVGt15	0	0	0	0	0	0	0	0	0	0
138496	HVGs15	0	0	0	0	0	0	0	0	0	0
138494	HVFs15	0	0	0	0	0	0	0	0	0	0
Sequence accession / SymPortal UID		517-1574-10953	517-611-1574	517-519-518-534-522	517-10185	517-13078	25860-32-20866-348152	25860-32-1584-20866	517-4073	517-1574-611-523	25860-32-20866
Average defining sequence proportions and [stdev]		0.958[0.016]-0.026[0.014]-0.017[0.008]	0.969[0.006]-0.017[0.006]-0.014[0.006]	0.820[0.045]-0.060[0.020]-0.059[0.017]-0.031[0.006]-0.030[0.011]	0.967[0.014]-0.033[0.014]	0.975[0.004]-0.025[0.004]	0.910[nan]-0.059[nan]-0.025[nan]-0.006[nan]	0.847[nan]-0.090[nan]-0.033[nan]-0.031[nan]	0.971[nan]-0.029[nan]	0.976[nan]-0.012[nan]-0.006[nan]-0.006[nan]	0.938[nan]-0.042[nan]-0.020[nan]
